_________________________
Input (Example 1)
6
12 18 4
2 1 3
3 2 4
4 1 2
4 2 8
2 5 3
5 2 5
3 6 4
6 3 2
6 5 6
7 5 4
8 6 9
7 8 1
7 9 2
9 10 8
10 7 4
8 11 2
11 12 12
12 10 3
4 4 3
2 1 3
3 2 4
4 1 2
4 2 8
4 4 4
2 1 3
3 2 4
1 4 2
4 2 8
4 4 3
2 1 3
3 2 4
1 4 2
4 2 8
4 4 2
2 1 3
3 2 4
1 4 2
4 2 8
4 4 1
2 1 3
3 2 4
1 4 2
4 2 8
Output
3 6 12 17
0 0 0
1 3 5 5
1 3 5
1 3
1
_________________________
Input (Example 2)
1
12 18 4
2 1 3
3 2 4
4 1 2
4 2 8
2 5 3
5 2 5
3 6 4
6 3 2
6 5 6
7 5 4
8 6 9
7 8 1
7 9 2
9 10 8
10 7 4
8 11 2
11 12 12
12 10 3
Output
3 6 12 17
_________________________
Input (Example 3)
1
4 4 4
2 1 3
3 2 4
1 4 2
4 2 8
Output
1 3 5 5
_________________________
Input (Example 4) --> Tem que se descomentar a seguinte linha: adj[y - 1].push_back({ x - 1, d }); visto que se trata de um exemplo externo!
1
9 14 4
1 2 4
1 8 8
2 3 8
2 8 11
3 4 7
3 9 2
3 6 4
4 5 9
4 6 14
5 6 10
6 7 2
7 8 1
7 9 6
8 9 7
Output
1 9 37 37
_________________________
Input (Example 5)
1
4 2 4
2 1 3
1 2 4
Output
1 2 3 3
_________________________